0
1200
400
0
0
400
8000
-4800
0
400
0
-800
800
0
-800
-800
-400
400
0
0
3200
-400
400
-4400
-2800
6800
0
400
0
0
-1200
400
4800
0
0
-4000
400
1200
400
9600
0
-800
0
-2000
-1200
-400
4000
1600
-5600
0
-3600
0
1200
-800
-5200
0
-400
3600
8000
0
0
-1600
800
0
5600
-4000
0
2000
0
3600
0
400
0
-800
0
2400
-2400
-400
-800
800
5200
0
400
0
800
0
1600
0
2800
-5200
0
800
400
-2000
0
-1600
2400
0
0
2800
0
5200
0
0
400
0
400
4000
-400
-400
800
0
400
0
-6400
0
0
-200
-400
-1600
-800
400
3600
0
-3200
0
0
-400
-1200
-5600
0
0
0
400
-3200
0
0
0
800
0
800
800
7200
800
400
0
0
1200
-6000
6000
0
-2800
0
0
-800
5600
-3200
0
0
0
0
-1200
-400
-400
-4800
800
-400
0
400
-400
-3200
0
1600
4800
-1200
0
0
-800
-400
0
-3200
0
3600
-6800
0
400
-800
0
1200
0
-400
0
0
-1200
800
0
0
0
-400
2800
-2000
-800
-800
