62.5
837.5
-237.5
1187.5
450
362.5
325
-12.5
-62.5
62.5
-31.25
50
187.5
-12.5
-231.25
356.25
250
-206.25
181.25
-75
1125
137.5
-6.25
400
-18.75
450
262.5
-62.5
725
43.75
162.5
12.5
-112.5
50
775
62.5
50
912.5
125
50
562.5
-112.5
-75
168.75
-87.5
225
112.5
250
462.5
50
500
250
162.5
118.75
-412.5
12.5
56.25
862.5
1200
-87.5
-25
-100
12.5
137.5
-150
300
-31.25
525
212.5
1075
175
131.25
62.5
175
162.5
125
-231.25
-81.25
450
31.25
1243.75
-212.5
-37.5
331.25
112.5
-100
137.5
-37.5
-143.75
0
-112.5
262.5
350
112.5
-62.5
-625
-331.25
-237.5
-312.5
175
412.5
212.5
-25
50
300
125
181.25
537.5
